Paper: Die Welt
Positive Scores: [0.9997931122779846, 0.9997257590293884, 0.9993402361869812, 0.9992484450340271, 0.9992990493774414, 0.9997262358665466, 0.9997308850288391, 0.999739944934845, 0.9996711015701294, 0.9997392296791077, 0.9996993541717529, 0.9997507929801941, 0.999593198299408, 0.9997190833091736, 0.9998075366020203, 0.9996476173400879, 0.9997445940971375, 0.9997037053108215, 0.9997017979621887, 0.9995936751365662, 0.9994518160820007, 0.9996925592422485, 0.9997790455818176, 0.9995369911193848, 0.9996994733810425, 0.9997127652168274, 0.9992222785949707, 0.9996390342712402, 0.9996150732040405, 0.9997970461845398, 0.9997140765190125, 0.9996161460876465, 0.9996566772460938, 0.9997292160987854, 0.9998340606689453, 0.9996569156646729, 0.9997237324714661, 0.9996234178543091, 0.9996359348297119, 0.9998168349266052, 0.9995859265327454, 0.9997584223747253]
Negative Scores: [-0.9995976090431213, -0.9995595812797546, -0.9996250867843628, -0.9994580149650574, -0.9996215105056763, -0.9994052648544312, -0.9996629953384399, -0.9989608526229858, -0.9996331930160522, -0.9991656541824341, -0.9994621872901917, -0.9995193481445312, -0.999339759349823, -0.9878847002983093, -0.9995725750923157, -0.9996761083602905, -0.999437153339386, -0.9996405839920044, -0.9995525479316711, -0.9995860457420349, -0.9992119073867798, -0.9996353387832642]

Paper: Süddeutsche Zeitung
Positive Scores: [0.9996589422225952, 0.998933732509613, 0.9996805191040039, 0.9989239573478699, 0.9995176792144775, 0.999584972858429, 0.9994974136352539, 0.9995962977409363, 0.9994966983795166, 0.9995298385620117, 0.999477207660675, 0.9994205236434937, 0.9836966395378113, 0.9996792078018188, 0.9996557235717773, 0.9982300400733948, 0.9994745850563049, 0.9996826648712158, 0.999382734298706, 0.9996544122695923, 0.999630331993103, 0.9994262456893921, 0.9996681213378906, 0.9994109869003296, 0.9996911287307739, 0.9995823502540588, 0.9996731281280518, 0.9983949065208435, 0.9995076656341553, 0.9996286630630493, 0.9996154308319092, 0.9996943473815918, 0.9996943473815918, 0.9993590712547302, 0.9977638721466064, 0.9994757771492004, 0.9996529817581177, 0.999388575553894, 0.9995633959770203, 0.9994933605194092]
Negative Scores: [-0.9997645020484924, -0.9994837045669556, -0.9995797276496887, -0.9992851614952087, -0.9997269511222839, -0.9997233748435974, -0.9997609257698059, -0.9989320635795593, -0.9774406552314758, -0.9991540908813477, -0.9997428059577942, -0.9995216131210327, -0.9995638728141785, -0.9997455477714539, -0.9990018010139465, -0.9995859265327454, -0.9997206330299377, -0.9996880292892456, -0.9996678829193115, -0.9998032450675964, -0.9996181726455688, -0.9996993541717529, -0.9996743202209473, -0.9997618794441223, -0.9996706247329712, -0.9997467398643494, -0.9993597865104675, -0.9996809959411621, -0.999809205532074, -0.96905118227005, -0.9994124174118042, -0.9993883371353149, -0.9996756315231323, -0.9997243285179138, -0.9997429251670837, -0.9997995495796204, -0.9995015859603882, -0.9997431635856628, -0.9994992017745972, -0.9993671774864197, -0.9994992017745972, -0.9994243383407593, -0.9892289638519287, -0.9996527433395386, -0.9994495511054993, -0.9995556473731995, -0.9993976354598999, -0.9991924166679382, -0.9997196793556213, -0.9994508624076843, -0.9998263716697693, -0.9989213943481445, -0.9997678399085999, -0.99908447265625, -0.9997169375419617, -0.9995625615119934, -0.999687910079956, -0.9995588660240173, -0.99959796667099, -0.9997263550758362, -0.9992246627807617, -0.9997434020042419, -0.9997425675392151, -0.9994450211524963, -0.998637855052948, -0.9993311166763306, -0.9997319579124451, -0.998310923576355, -0.9997547268867493, -0.9997484087944031, -0.9996620416641235, -0.9997702240943909, -0.9995269775390625, -0.999736487865448, -0.9997105002403259, -0.9994300007820129, -0.9996449947357178, -0.999691367149353, -0.9997534155845642, -0.9997836947441101, -0.9996858835220337, -0.9996858835220337, -0.999322772026062, -0.9997872710227966, -0.9997294545173645, -0.9996683597564697, -0.9997046589851379, -0.999488353729248, -0.999647855758667, -0.99930739402771, -0.9997555613517761, -0.9998130202293396, -0.9988657236099243, -0.9997181296348572, -0.9997710585594177, -0.9993407130241394, -0.999264657497406, -0.9997349381446838, -0.9997212290763855, -0.9997127652168274, -0.9995455145835876, -0.9994773268699646, -0.9997648596763611]

Paper: Handelsblatt
Positive Scores: [0.999345600605011, 0.9996856451034546, 0.9992246627807617, 0.9996235370635986, 0.9990932941436768, 0.9994785189628601, 0.9996383190155029, 0.999289870262146, 0.9995054006576538, 0.9996669292449951, 0.9992038607597351, 0.999542236328125, 0.9996392726898193, 0.9996635913848877, 0.9996039271354675, 0.9994984865188599, 0.9996521472930908, 0.9996672868728638, 0.9996315240859985, 0.9996028542518616, 0.9990350008010864, 0.9996742010116577, 0.9996347427368164, 0.9995899796485901, 0.9995755553245544, 0.9995983242988586, 0.9990677237510681, 0.9992572665214539, 0.9985150694847107, 0.9991409778594971, 0.9996659755706787, 0.9996715784072876, 0.9995952248573303, 0.9995104074478149, 0.9996510744094849, 0.9996883869171143, 0.9991408586502075, 0.9936754107475281, 0.9984024167060852, 0.9996980428695679, 0.9993510842323303, 0.999337375164032, 0.999453604221344, 0.9994321465492249, 0.9993891716003418, 0.9994805455207825, 0.9996263980865479, 0.9996840953826904, 0.9992668032646179, 0.9996083378791809, 0.99969482421875]
Negative Scores: [-0.9995063543319702, -0.9996384382247925, -0.9986477494239807, -0.9997475743293762, -0.9996758699417114, -0.9995999932289124, -0.9991208910942078, -0.9994544386863708, -0.9990764856338501, -0.9997009038925171, -0.9996358156204224, -0.9992468357086182, -0.9994972944259644, -0.9996503591537476, -0.9991379976272583, -0.9995718598365784, -0.9965277314186096, -0.9996966123580933, -0.9997119307518005, -0.9995105266571045, -0.9995865225791931, -0.9986432194709778, -0.9991970658302307, -0.9996991157531738, -0.9997105002403259, -0.9995438456535339, -0.9995633959770203, -0.9997357726097107, -0.9997923970222473, -0.9988044500350952, -0.9994605183601379, -0.9992890357971191, -0.9997193217277527, -0.9997162222862244, -0.999786913394928, -0.9967868328094482, -0.9995588660240173, -0.9994563460350037, -0.9996942281723022, -0.9996775388717651, -0.9994868040084839, -0.9996813535690308, -0.9996923208236694, -0.99964439868927, -0.9988614320755005, -0.986179530620575, -0.9996356964111328, -0.9997283816337585, -0.9997654557228088, -0.9997759461402893, -0.9997662901878357, -0.9997313618659973, -0.9993610978126526, -0.9997556805610657, -0.9997000694274902, -0.9996565580368042, -0.9985805749893188, -0.9997877478599548, -0.9997178912162781, -0.9998112320899963, -0.9988273978233337, -0.9996148347854614, -0.9998310804367065, -0.9997836947441101, -0.9948923587799072, -0.9996200799942017, -0.9995241165161133, -0.9996355772018433, -0.9994441866874695, -0.9996355772018433, -0.9997749924659729, -0.9995585083961487, -0.9995833039283752, -0.9997770190238953, -0.999733030796051, -0.9997456669807434, -0.9995816349983215, -0.9990336894989014, -0.9997349381446838, -0.9997335076332092, -0.9979375600814819, -0.9991810917854309, -0.9997103810310364, -0.9997166991233826, -0.9997571110725403, -0.9996386766433716, -0.9996793270111084, -0.9995942711830139, -0.9994986057281494, -0.9992862343788147, -0.9998083710670471, -0.9990812540054321, -0.9995183944702148, -0.9997679591178894, -0.9986361861228943, -0.9997203946113586, -0.9997554421424866, -0.9994325041770935, -0.9998379945755005, -0.9997089505195618, -0.9997839331626892, -0.9994446635246277, -0.9996315240859985]

Paper: Die Zeit
Positive Scores: [0.9997648596763611, 0.9997362494468689, 0.9997299313545227, 0.9993898868560791, 0.9997250437736511, 0.9997856020927429, 0.9995112419128418, 0.9997279047966003, 0.9996098875999451, 0.9997432827949524, 0.9998144507408142, 0.999398946762085, 0.9997711777687073, 0.9997732043266296, 0.9994376301765442, 0.9994920492172241, 0.9997561573982239, 0.9997878670692444, 0.9996803998947144, 0.9997902512550354, 0.9996070265769958, 0.9997038245201111, 0.999711811542511, 0.9997151494026184, 0.9997702240943909, 0.999710738658905, 0.9997255206108093, 0.9997830986976624, 0.9996882677078247, 0.9996862411499023, 0.9998390674591064, 0.999553382396698, 0.9998276233673096, 0.9997146725654602, 0.9997703433036804, 0.999089241027832, 0.999653697013855, 0.999667763710022, 0.9994595646858215]
Negative Scores: [-0.9995273351669312, -0.9995248317718506, -0.9993754029273987, -0.9996988773345947, -0.999632716178894, -0.9996485710144043, -0.9996615648269653, -0.9991807341575623, -0.9992013573646545, -0.9952836632728577, -0.997829020023346, -0.9863007068634033, -0.9995070695877075, -0.9996956586837769]

Paper: Der Spiegel
Positive Scores: [0.9995974898338318, 0.9996713399887085, 0.9995949864387512, 0.9994282126426697, 0.9946371912956238]
Negative Scores: [-0.9997138381004333, -0.9996293783187866, -0.9997671246528625, -0.9996947050094604, -0.9994550347328186, -0.9998071789741516, -0.999715268611908, -0.9995150566101074, -0.9997914433479309, -0.9997101426124573, -0.9973287582397461, -0.9988178610801697, -0.9993677735328674, -0.9989283680915833, -0.999091625213623, -0.9996494054794312, -0.9997584223747253, -0.9997040629386902, -0.9996761083602905, -0.9995500445365906, -0.9996528625488281, -0.9996767044067383]

Paper: Frankfurter Allgemeine Zeitung
Positive Scores: [0.9995837807655334, 0.9996022582054138, 0.9991173148155212, 0.9996424913406372, 0.9996793270111084, 0.9987429976463318, 0.9996955394744873, 0.9992607235908508, 0.9995409250259399, 0.9992087483406067, 0.9995591044425964, 0.9995269775390625, 0.9996671676635742, 0.9988247752189636, 0.9991145730018616, 0.9996784925460815, 0.9995906949043274, 0.9992252588272095, 0.9995300769805908, 0.9996174573898315, 0.9996997117996216, 0.9990131855010986, 0.9996696710586548, 0.9996895790100098, 0.9996625185012817, 0.9995985627174377, 0.999371349811554, 0.9996614456176758, 0.9996656179428101, 0.9993143081665039, 0.9995306730270386, 0.9996993541717529, 0.999473512172699, 0.9879518151283264, 0.9996284246444702, 0.9996021389961243, 0.9995645880699158, 0.9992309808731079, 0.9996821880340576, 0.9988564252853394, 0.9990465044975281, 0.9996834993362427, 0.9991326928138733, 0.9996771812438965, 0.9996925592422485, 0.999687671661377, 0.9996291399002075, 0.9996885061264038, 0.9995725750923157, 0.9996905326843262, 0.999586284160614, 0.9994547963142395, 0.9991631507873535, 0.999607264995575]
Negative Scores: [-0.9993164539337158, -0.9997497200965881, -0.9997953772544861, -0.9997695088386536, -0.9993352293968201, -0.9997245669364929, -0.9997040629386902, -0.9996453523635864, -0.9997686743736267, -0.999669075012207, -0.9994200468063354, -0.9995711445808411, -0.9993001222610474, -0.9996936321258545, -0.9997279047966003, -0.9997078776359558, -0.9997414946556091, -0.9996688365936279, -0.9997426867485046, -0.999670147895813, -0.9997178912162781, -0.999344527721405, -0.9994006156921387, -0.9996393918991089, -0.9997624754905701, -0.9982783794403076, -0.9996113181114197, -0.9997966885566711, -0.9997618794441223, -0.9997498393058777, -0.9997877478599548, -0.9995552897453308, -0.9997288584709167, -0.9996780157089233, -0.9991784691810608, -0.9996457099914551, -0.9997125267982483, -0.9997439980506897, -0.9997665286064148, -0.9995715022087097, -0.9997918009757996, -0.999099850654602, -0.9993964433670044, -0.9996696710586548, -0.9997045397758484, -0.9993719458580017, -0.9992567896842957, -0.999690055847168, -0.9997379183769226, -0.9997207522392273, -0.9994533658027649, -0.999599039554596, -0.999751627445221, -0.9996273517608643, -0.9997407793998718, -0.9996163845062256, -0.9996163845062256, -0.9982979893684387, -0.9996131062507629, -0.9998032450675964, -0.9997544884681702, -0.9996359348297119, -0.9996343851089478, -0.9994882345199585, -0.9998173117637634, -0.9997624754905701, -0.9996829032897949, -0.9996291399002075, -0.999761164188385, -0.9992684721946716, -0.9997084736824036, -0.9994858503341675, -0.9997665286064148, -0.9990383386611938, -0.999700665473938, -0.9995131492614746, -0.9995278120040894, -0.9995762705802917, -0.9995126724243164, -0.9997290968894958, -0.995141863822937, -0.9997414946556091, -0.9997484087944031, -0.9994150400161743, -0.9994444251060486, -0.998310923576355, -0.9997363686561584, -0.9996343851089478, -0.9994542002677917, -0.9997270703315735, -0.9996016621589661, -0.9997451901435852, -0.9995203018188477, -0.9998148083686829, -0.998359739780426, -0.9997039437294006, -0.9997808337211609, -0.9997950196266174, -0.9996258020401001, -0.9996333122253418, -0.9967395663261414, -0.9997522234916687, -0.9996819496154785, -0.9997121691703796, -0.9993628859519958, -0.9996294975280762, -0.9927870631217957, -0.999580442905426, -0.9997559189796448, -0.9988308548927307, -0.9998007416725159, -0.9997935891151428, -0.9997201561927795, -0.9991375207901001, -0.999724805355072, -0.9997058510780334, -0.9995385408401489, -0.9997344613075256, -0.9997318387031555, -0.9997665286064148, -0.9997020363807678, -0.9997332692146301, -0.9994414448738098, -0.999760091304779, -0.9996590614318848, -0.9997026324272156, -0.9993554949760437, -0.9996317625045776, -0.9996656179428101, -0.9992884397506714, -0.9988535642623901, -0.9989528656005859, -0.9996589422225952, -0.999386191368103, -0.9997157454490662, -0.9997681975364685, -0.9997081160545349, -0.9997639060020447, -0.9990159273147583, -0.9959360361099243, -0.9996546506881714, -0.999683141708374, -0.9997120499610901, -0.999777615070343, -0.9997982382774353, -0.9995346069335938, -0.9996521472930908, -0.9997163414955139, -0.999721348285675, -0.9996589422225952, -0.9997546076774597, -0.9993541836738586, -0.9996278285980225, -0.9997697472572327, -0.9997175335884094, -0.9997072815895081, -0.9996931552886963, -0.9997039437294006]

Paper: Focus
Positive Scores: [0.9990803003311157]
Negative Scores: [-0.9993487000465393, -0.9997512698173523, -0.9996606111526489, -0.9997647404670715, -0.9991952776908875, -0.999606192111969, -0.9997584223747253, -0.9980764389038086, -0.999744713306427, -0.9994524121284485, -0.9997660517692566]

Paper: WirtschaftsWoche
Positive Scores: [0.9989950060844421, 0.9982282519340515, 0.9994564652442932, 0.999698281288147, 0.9989903569221497, 0.9995384216308594, 0.9988559484481812, 0.9994955062866211, 0.9996898174285889]
Negative Scores: [-0.9995136260986328, -0.999165415763855, -0.9988364577293396, -0.9995338916778564, -0.9997727274894714, -0.9995492100715637, -0.9997144341468811, -0.9996376037597656, -0.9997382760047913, -0.9997857213020325]

